version https://git-lfs.github.com/spec/v1
oid sha256:11e458712a9512481afff6801e9ed522858d67bccf0500e472055f7fb8f8d740
size 142258
